ref.line <-
list(x = c(-32.417714607869051, -32.40091200848547, -32.394659878482273, 
-32.392315329731076, -32.397785943483875, -32.403256557236674, 
-32.411071719740661, -32.418105365994258, -32.458744211015016, 
-32.461088759766206, -32.444676918507824, -32.424357495997448, 
-32.417714607869051), y = c(-3.842359089691803, -3.8366753465705368, 
-3.83697449094534, -3.8426582340666071, -3.8525299984351222, 
-3.8573163084319786, -3.8609060409296205, -3.8689829390493156, 
-3.8758632596697962, -3.8734701046713678, -3.8543248646839436, 
-3.8453505334398379, -3.842359089691803))
