ref.line.2 <-
list(x = c(-32.429046593499841, -32.394269120357073, -32.36574377721751, 
-32.350894968459926, -32.35675634033791, -32.373168181596299, 
-32.391533813480677, -32.420449914745454, -32.477109842899395, 
-32.49156789353178, -32.4692946803954, -32.441160095381036, -32.429046593499841
), y = c(-3.7879148134775655, -3.7813336372318886, -3.8025728878429375, 
-3.8402650790681787, -3.8863333127879183, -3.9072734190241629, 
-3.9198374827659106, -3.911760584646216, -3.884837590913901, 
-3.8671880728004941, -3.8450513890650351, -3.8085557753390074, 
-3.7879148134775655))
